x =
-1.1379
-2.83303
0.851459

A =
6.13
-2.9
5.86
8.08
-6.31
-3.89
-4.36
1
0.19

b =
6.23
5.37
2.29

Ax =
6.23
5.37
2.29

Note that the original A has been changed during the solution and is now:
8.08
-6.31
-3.89
-0.539604
-2.4049
-1.90906
0.758663
-0.784717
7.31313

i   exact   calculated
0   9   -220.47
1   36   -0
2   81   -0
3   144   -0
4   225   -0
5   324   -0
0 0
0.047619 0.0101545
0.0952381 0.0253857
0.142857 0.0533079
0.190476 0.10788
0.238095 0.216386
0.285714 0.433069
0.333333 0.866257
0.380952 0
0.428571 0
0.47619 0
0.52381 0
0.571429 0
0.619048 0
0.666667 0
0.714286 0
0.761905 0
0.809524 0
0.857143 0
0.904762 0
0.952381 0
1 0


0 0
0.047619 0
0.0952381 0
0.142857 0
0.190476 0
0.238095 0
0.285714 0
0.333333 0
0.380952 1
0.428571 0
0.47619 0
0.52381 0
0.571429 0
0.619048 0
0.666667 0
0.714286 0
0.761905 0
0.809524 0
0.857143 0
0.904762 0
0.952381 0
1 0


0 0
0.047619 0
0.0952381 0
0.142857 0
0.190476 0
0.238095 0
0.285714 0
0.333333 0
0.380952 0
0.428571 1
0.47619 0
0.52381 0
0.571429 0
0.619048 0
0.666667 0
0.714286 0
0.761905 0
0.809524 0
0.857143 0
0.904762 0
0.952381 0
1 0


